5563
165
165
165
490
490
330
165
165
165
330
490
330
165
5
165
330
330
330
165
165
165
165
330
165
165
5
5
165
165
165
5
-165
-165
5
5
5
-165
-165
-165
5
165
5
-165
-165
5
490
5
-490
-330
-165
330
490
165
-165
-165
5
330
330
330
330
330
165
165
330
490
330
165
165
165
5
165
165
165
5
5
165
165
5
5
5
165
330
165
165
5
5
165
330
330
330
165
5
5
165
330
330
165
5
-165
5
165
165
165
5
5
165
330
330
165
5
5
330
490
490
330
5
165
330
330
330
165
5
5
330
330
330
165
5
5
165
330
330
165
5
5
165
330
330
165
5
-165
165
330
330
5
-165
-165
165
165
165
5
-165
-165
165
330
330
330
5
165
330
490
330
165
165
165
330
490
330
165
5
5
330
330
330
165
5
165
165
165
165
5
5
165
165
165
330
5
-165
5
5
-165
5
490
490
-490
-660
165
820
980
330
-165
165
330
490
660
330
330
330
330
165
330
330
165
5
165
330
165
5
5
330
330
165
165
165
165
5
5
330
165
5
-165
165
330
330
5
5
165
330
165
5
-165
5
5
165
330
5
165
330
-165
5
660
330
5
-165
5
330
330
490
330
-330
165
330
330
490
-330
5
-330
5
660
5
165
-165
-165
490
330
660
5
-490
5
165
660
165
-165
-165
-330
330
165
330
-165
-660
165
5
330
490
-330
-660
-165
1640
1140
-660
-980
-490
1320
1640
660
5
-490
165
165
1140
1140
-330
-490
-490
490
820
330
330
-660
-165
330
330
660
-330
-165
-330
-165
820
5
5
-490
-490
165
165
660
5
-165
-165
-330
660
330
490
5
-660
330
330
820
330
-330
330
-165
490
660
165
330
-330
330
490
165
490
-330
5
5
330
660
5
165
-165
165
490
165
490
-330
5
165
5
820
165
-165
5
490
165
-165
1480
820
-490
-660
-660
820
1140
490
165
-980
-330
165
820
820
5
-165
-660
5
490
330
490
-490
-165
330
165
330
-165
165
5
-165
330
330
330
5
165
660
330
165
-165
-165
165
330
490
-165
-165
-165
5
490
165
165
-165
-330
330
490
165
-165
-165
5
165
660
330
330
165
5
490
330
660
330
5
165
165
660
490
165
-490
-165
330
-165
820
980
-330
-820
-1140
660
1320
330
165
-980
-490
490
490
660
5
-165
165
330
490
165
165
-165
5
660
490
330
-660
5
660
165
660
5
-165
5
165
980
330
5
-165
-330
490
490
490
-165
-490
5
165
660
5
-165
5
-490
490
490
165
-165
-820
330
165
660
660
5
820
-1140
-330
1800
-820
165
-660
820
2640
-2280
-820
820
165
1800
5
-165
1140
5
-1140
5
330
165
980
-330
-330
-165
-980
490
165
1140
1640
-1480
-1320
660
1640
980
-330
-980
-490
820
820
490
165
-490
165
330
660
820
-165
5
-165
330
1320
-330
-330
5
-165
165
165
330
-165
-490
5
165
330
5
165
165
-165
165
5
490
330
5
980
-820
1480
5280
-2800
-3600
4720
490
-2120
-2280
-2800
5040
-330
-1320
4400
-4400
1320
3280
-330
4080
-3120
-2120
-2280
-2800
3120
5
1320
-3600
-3760
2640
1480
6240
-1320
-3280
-1140
-3600
6240
1960
1640
-1800
-7520
4560
1800
5600
1320
-7520
5
-4080
6880
5280
-4560
5
-8160
3600
4240
1140
5040
-10560
-1320
-490
2120
8800
-7840
-1140
-4880
-330
8800
-3760
3440
-8160
-4560
5600
-2640
8160
-5920
-4720
1140
-4880
11200
-2640
-2440
-1480
-8160
9440
-1640
3120
-165
-10560
5600
-3120
6560
2640
-8160
2640
-7840
5920
4080
-3440
2800
-10080
4240
330
-820
6560
-10080
1320
-3760
-165
8800
-7840
2120
-7520
-2800
8160
-4240
5920
-7200
-4400
3600
-4400
8800
-4880
-3120
5
-6560
8480
-3120
980
-1140
-8800
6240
-3440
4240
820
-7520
4400
-5920
4720
2280
-4400
3600
-8160
3280
980
-2280
5040
-7520
1800
-1320
-980
5920
-5280
2280
-3280
-1640
4560
-3920
3600
-4080
-1800
2640
-4720
4560
-2440
-980
1640
-4560
3920
-1800
980
1800
-4080
2960
-2640
820
1960
-2640
2120
-4080
5
2120
-980
2440
-3600
-980
490
-660
3600
-1480
-660
-1480
-2960
3440
1480
980
-660
-4240
5
1140
2120
2120
-3440
-2280
-1480
165
4240
-330
-820
-2960
-3440
3920
1140
2120
-1320
-5920
1480
-330
4880
2120
-5280
-330
-4080
3920
3920
-1960
1320
-8160
490
3440
1140
5040
-7520
-820
-980
5
8480
-4080
-330
-5920
-2800
7840
-1640
4720
-5920
-5600
4240
-2120
9760
-2800
-5280
330
-6560
10080
330
-660
-165
-10560
6880
5
3760
2800
-10080
3600
-4560
5280
5600
-6560
3600
-8480
3280
5600
-2280
5600
-10560
1140
2440
-330
9120
-8480
820
-2440
-1960
11200
-4880
3760
-4880
-5040
8480
-2960
7520
-4240
-5600
4720
-4560
9440
-1640
-3600
1640
-7200
8800
-820
5
1480
-8800
6240
-2120
3280
3920
-7840
4240
-4560
3600
4880
-5040
4560
-6880
2120
3600
-2640
5920
-6880
1320
1320
-2280
6880
-5600
2120
-660
-2440
6880
-4400
3440
-1140
-2800
5040
-4400
4080
-1320
-1960
4720
-4080
2640
-2120
330
3760
-4720
3440
-1960
330
2640
-4240
4560
-1800
-820
1800
-3120
4560
-1140
-660
980
-3440
3120
660
820
-165
-3280
1800
820
2440
980
-2800
-165
-820
2800
3120
-1140
-490
-2120
490
3280
1140
980
-1800
-2280
1800
1960
3280
330
-3600
-165
5
3760
3440
-2280
-820
-3280
1960
4560
330
2440
-5280
-660
3120
5
10560
-1140
-10080
5
3760
6560
-820
-4880
-3280
-2640
5920
7840
2280
-4080
-4080
2640
5920
5920
-1960
-5600
-4880
-3280
8160
6240
-1960
-6560
-6560
5920
7840
5040
-820
-8480
-2280
1960
8480
6560
-4880
-5600
-4880
4240
9120
2440
-820
-7520
-4240
5280
6240
5600
-3920
-8480
-1140
3440
8160
4720
-5040
-7200
-3760
5920
9120
1800
-3760
-6880
-1800
6240
7840
2960
-5920
-6880
-1640
4880
7840
660
-3920
-5920
-1960
7520
5600
2120
-4240
-6880
2120
4240
6880
2120
-6880
-3920
-1480
7520
6560
-1960
-3280
-7520
2120
6240
3600
1800
-8160
-1960
1320
3280
7200
-3920
-2960
-3600
-165
8160
820
660
-4400
-3600
5040
1960
5600
-1960
-5040
330
-490
6880
1140
-1800
-820
-3760
5600
2120
1960
820
-4880
2960
5
3120
3280
-3120
2440
-2280
2440
3600
-1640
3120
-3440
1320
1960
-1800
3920
-2640
1480
330
-2280
3760
-2640
2800
980
-1800
2960
-3600
2960
1320
-330
2800
-4880
2280
330
820
5280
-3760
1320
-1640
330
6240
-820
2440
-3600
-1800
4560
980
5600
-2440
-3440
165
-980
8160
1140
-1320
-2280
-5280
5600
3120
3760
-820
-8160
820
820
6560
4560
-5280
-2960
-4240
4560
7200
660
-1320
-7840
-1140
5280
5280
4240
-5600
-5600
-1140
4080
8480
660
-4080
-6240
-1640
8160
6240
1800
-5280
-7200
1480
5600
7200
980
-6880
-5280
330
7840
6880
-660
-5280
-6560
2280
7520
5920
980
-8480
-4560
2800
6560
7840
-2960
-5920
-3440
1480
10080
4240
-1960
-5600
-5600
5280
7200
4720
-1640
-8160
-1480
2960
7840
4880
-4400
-4080
-4240
5280
8160
1140
-1140
-7200
-490
4880
4240
4560
-5600
-4080
-820
2640
8160
-660
-1960
-4240
-1800
7200
2280
2640
-3280
-4880
2800
1480
6240
5
-4240
165
-1960
5920
2120
-1140
490
-4400
4080
2440
1320
2120
-4720
1800
330
1960
3440
-3440
1640
-1640
820
3600
-2120
2800
-1960
490
2280
-2280
3440
-2440
165
2440
-1800
3120
-3120
330
2800
-490
3280
-3280
490
820
5
5600
-3760
-490
-330
-1640
7200
330
5
-2800
-3440
5280
2280
3920
-2640
-5040
1960
330
7520
1480
-4240
-980
-3440
6560
4560
165
-820
-6880
2640
4560
4880
2800
-7200
-2440
5
5920
6880
-2440
-3120
-6240
2120
7840
2960
1140
-7520
-3440
3600
5280
7200
-3920
-5920
-3280
1800
10080
2640
-2120
-6560
-4880
6240
6560
4560
-3920
-8160
-820
3600
8800
3440
-5280
-5600
-3120
6880
7840
1960
-3600
-8160
-165
5920
7200
2800
-6880
-5600
-820
6560
8480
-330
-5280
-6880
-165
8160
5920
980
-6880
-6560
1640
6560
6880
-1140
-7200
-4880
1320
8160
5600
-1960
-5920
-5600
3120
7520
4240
-1800
-7200
-3600
3280
6240
5280
-2960
-5920
-2960
2640
7200
2120
-2440
-4560
-2640
4560
4880
3120
-2440
-5920
165
3120
5920
1960
-4080
-2280
-2120
4400
4880
-165
-980
-4720
980
3600
2440
2960
-4240
-1140
820
1640
5040
-1480
-660
-1480
-660
4400
-165
1640
-1140
-1960
2800
-490
2960
5
-1320
2280
-1320
2800
5
-490
2120
-1640
2640
-1140
-490
2280
-1640
3600
-1140
-1140
1140
-1800
4720
5
-165
5
-3600
4240
1140
2440
820
-4880
980
1640
6560
-165
-3440
2440
-5600
3280
2800
660
3920
-8800
2280
2280
1640
8160
-7520
-165
-1320
-330
8800
-4720
-165
-4560
-2960
8160
-490
4080
-4560
-4880
3600
5
8480
-2800
-4560
-980
-3920
9760
1320
-165
-2280
-7840
6880
1640
5280
330
-9440
1960
-2120
7840
4560
-6240
330
-7840
5920
6880
-820
2120
-10560
1140
3440
3280
7520
-8800
-1480
-2960
1480
10560
-4080
165
-7200
-2640
9120
490
6240
-6880
-5920
3920
-820
10560
-2120
-4720
-980
-5040
10560
1960
165
-1140
-8160
5920
1800
5040
1480
-8800
1140
-1800
6560
4880
-3600
-165
-7520
4720
5600
-660
2120
-8800
660
2440
1640
6880
-6880
-1480
-980
330
8480
-2800
-165
-4080
-3440
6560
5
3440
-2800
-5280
2960
-330
5600
5
-4240
165
-2960
5040
1960
-1140
165
-5040
2800
1800
660
1640
-5040
660
-165
980
3280
-3600
165
-1480
330
3760
-2120
1140
-1800
-660
3600
-1320
1960
-1320
-1480
2800
-1140
2280
-1140
-1640
2280
-1140
3280
-660
-1640
1640
-1320
3920
330
-1320
820
-2800
3920
1320
-165
820
-4400
2640
1480
1640
2440
-5040
660
-330
2120
4560
-3760
-165
-3120
660
5600
-1320
1640
-4880
-2280
3920
490
5040
-4080
-3920
820
-820
7840
-660
-2280
-1480
-4880
7200
2120
1480
-820
-7200
3760
1480
5280
2640
-6880
5
-3120
5920
5920
-3760
165
-7200
2280
5920
820
3600
-8480
-1800
1960
2280
7520
-5600
-2640
-3600
-490
9440
-1480
820
-5920
-5280
6880
820
6240
-3760
-7200
1960
-1480
9120
660
-4880
-1480
-6240
7520
3280
490
-330
-9440
3440
1800
4400
3600
-8160
-330
-3120
4400
6880
-4080
165
-6880
980
6560
490
3920
-7200
-2280
2640
980
7520
-4080
-2800
-1800
-1640
8160
-330
330
-2960
-4720
5280
820
3760
-1320
-5600
1640
-1140
5040
1480
-3920
5
-3920
3760
2640
-980
820
-5280
1480
1800
820
3120
-4560
165
5
660
4080
-2800
330
-1480
-330
3920
-1480
1640
-1480
-1480
2960
-1320
2120
-1140
-1800
2120
-1320
2280
-820
-1800
1320
-1640
2800
-660
-2120
820
-2120
2960
165
-1640
330
-3280
2800
1140
-165
820
-4400
1320
1140
1480
2960
-4400
-165
-660
1320
4880
-2640
-330
-3120
-820
5280
5
1800
-3920
-3440
3280
660
5040
-2120
-4560
-165
-1640
6560
1320
-2640
-1960
-5600
4880
2960
1480
-330
-7840
980
820
4560
3760
-6560
-1320
-3760
3760
7200
-2120
165
-7200
-490
6240
1640
4560
-6880
-3920
1480
1480
8800
-2960
-3440
-3440
-2640
9440
1140
1140
-4240
-7200
5600
1800
6240
-820
-8160
490
-2280
7840
3600
-4560
-1480
-7520
5040
5280
820
1140
-9760
490
2280
3920
5920
-7520
-1640
-3120
2440
8800
-2640
165
-6560
-1800
6880
660
4880
-5920
-4720
2440
5
8480
-1960
-3600
-1640
-3600
7840
820
165
-2280
-6880
4560
490
3760
490
-7200
1140
-2120
4720
3280
-4240
330
-5280
2960
3920
-980
2120
-6240
490
1960
330
4080
-5040
-820
-660
-165
5040
-2960
165
-2120
-1640
4560
-1640
1640
-2120
-2640
3120
-1480
2800
-1320
-2800
1960
-1640
3280
-490
-1960
1140
-2280
3440
165
-1320
1140
-2640
3120
980
-330
820
-3280
1960
980
1140
1480
-3920
660
165
1960
3120
-3280
-660
-1960
980
4400
-1140
-165
-3920
-1480
4080
660
2280
-3600
-4080
980
330
4880
-1140
-4240
-1640
-2440
5920
2640
-1140
-1960
-5920
3120
3440
2800
820
-7200
-660
490
4400
5280
-4400
-2120
-4240
2120
7200
-165
330
-6880
-2440
4720
2280
5040
-5280
-5280
-490
165
8480
-980
-3760
-4400
-4720
7200
2120
1640
-3440
-8480
2800
1640
5920
1140
-7520
-1480
-3120
6560
5600
-2960
-1320
-7840
2960
5920
2120
2440
-8800
-1640
1320
3600
7520
-5600
-2800
-3920
490
8800
-1320
660
-5600
-3920
5600
820
5280
-3920
-5920
820
-980
7840
-330
-3600
-1800
-5040
6560
2120
820
-980
-7200
3440
980
3760
2120
-6560
660
-2120
4080
4560
-3440
820
-4880
2120
4400
-660
2800
-5600
-490
2120
490
5040
-4240
-980
-660
-660
5600
-2440
330
-2120
-2280
4560
-1800
1960
-2280
-3440
3120
-1800
3120
-1140
-3280
1800
-2280
3280
-490
-2440
820
-3120
3440
165
-1480
490
-3760
2800
820
5
660
-4400
1640
660
1800
1960
-4240
165
-980
2120
3920
-2640
-660
-3120
330
4560
165
820
-4240
-2120
2800
1480
3920
-2960
-3920
-490
5
5600
490
-3120
-2960
-3280
4720
3280
820
-2280
-6560
980
2640
4080
1640
-6240
-2800
-1480
4080
5600
-2440
-2960
-5600
330
6240
1960
1140
-6560
-4240
2800
3280
6240
-2960
-5600
-2280
-165
8160
1960
-2280
-4240
-5600
5280
4400
3280
-1480
-8480
-980
1800
7840
3600
-6880
-3920
-4720
5040
7520
-490
-1480
-9120
-980
5600
3920
4240
-7520
-4400
-660
2280
8480
-2440
-3440
-5280
-2640
7840
1800
1960
-5040
-6240
3440
1640
6880
-1480
-6240
-660
-2440
7520
2440
-2280
-1640
-6880
4560
3120
1960
1140
-7840
980
165
3760
4400
-5920
-490
-3760
2280
5600
-2440
1140
-6240
-660
3760
-490
4080
-5600
-2280
660
-1140
5920
-3120
-1320
-1480
-2640
5600
-1480
980
-1800
-3920
4080
-1320
3120
-490
-3760
2640
-2120
3920
330
-2640
1800
-3120
3760
660
-1480
1640
-4240
2800
980
-165
660
-5600
2960
1800
660
1480
-5600
330
-165
1640
3280
-3600
-820
-3120
1320
4080
-1800
820
-3440
-820
2800
490
3600
-3440
-2640
980
330
5280
-1140
-2640
-1320
-1960
5280
1640
-490
-2280
-4560
3120
2280
2800
5
-5600
-490
-165
4080
3600
-3920
-2440
-3280
2440
4880
-165
-490
-5600
-980
3760
2440
3280
-5280
-4400
490
1800
6240
-980
-3760
-3920
-2800
6240
3280
490
-3760
-6880
2120
3280
5040
660
-7840
-3120
-165
6560
4560
-3920
-3440
-6240
1960
6240
1480
165
-7520
-2640
3280
3120
5040
-4400
-4240
-1800
660
7520
490
-1960
-4400
-3760
5600
2960
3120
-2640
-6560
820
1320
6240
1480
-5280
-1960
-3440
5040
4240
-980
-1320
-7200
1140
3440
2800
2440
-6880
-1640
-820
5920
9440
-9120
-8480
4080
1800
-2120
330
-165
1140
-980
1320
2280
-3440
4240
-660
-490
3600
-6240
1480
-2960
-2280
6560
-4720
1320
-1800
-1960
6560
-3760
2640
-1960
-4880
3920
-2440
4400
-1800
-6240
330
-4080
4880
980
-2280
-820
-7200
2280
2120
2280
1140
-6880
-1140
-980
3600
4080
-3760
-2800
-5920
490
5280
1800
490
-5920
-2800
1320
3440
4880
-3120
-4400
-4240
165
5920
1140
-1800
-6240
-4240
2120
3440
3920
-3120
-5600
-2440
1480
5920
1960
-2960
-5600
-3280
2640
4240
2280
-2960
-5600
-4560
2280
7520
2280
-4560
-6560
-980
4560
4880
1640
-6240
-5600
-1320
3600
6240
-1960
-5040
-4400
-490
5600
3280
1140
-4720
-5600
490
2960
5280
-1640
-4880
-3440
-1640
5920
3120
5
-3920
-5600
3280
2800
3760
5
-5600
-1140
-1640
4720
3280
-3120
-1960
-5600
2440
3280
490
1480
-6240
-490
165
1800
4720
-4240
-660
-3120
660
3440
-4880
3920
-660
-3760
330
-1960
5280
-1320
-1480
-330
-3600
3600
-1320
2960
-980
-6240
3760
-2800
2640
980
-4240
3440
-4720
1140
1480
-1800
3600
-4720
820
-660
-1640
4080
-3280
1480
-2960
-1480
3920
-2960
4240
-2120
-2120
1320
-3760
6240
-980
-1480
-165
-5280
4560
-330
1960
5
-7520
1640
660
4560
330
-4880
-165
-5040
4240
3120
5
1320
-9440
660
2640
1960
5600
-6880
-2960
-1800
1800
7840
-1320
-1320
-5920
-2440
6560
2120
2800
-4560
-5920
490
2280
7520
-980
-4720
-2800
-2440
6560
3920
490
-3280
-6560
1640
3120
4720
980
-6240
-2280
-1960
1640
7840
1960
-5600
-6560
-660
5280
6240
1140
-6240
-5920
-660
5920
6880
-1140
-6240
-5600
1480
7520
2800
-2960
-3760
-3280
660
5280
1480
-2640
-820
-2280
-1480
3440
3600
-165
-3440
-4240
980
4560
5280
4240
-9440
-10080
11200
2960
-5920
1640
-6880
4560
4240
1640
3760
-13760
7200
3600
-1140
10080
-15680
820
-660
-4240
13760
-9440
2280
-4400
-7520
13760
-4560
7200
-5280
-11200
7840
-4720
11200
-2280
-8160
3280
-10080
10560
1480
-1320
1800
-12480
7840
-1320
3280
4240
-11200
4240
-6880
5280
6560
-7520
3920
-11840
1800
5040
-1960
7200
-11200
1140
5
-1320
9120
-7520
2640
-7840
-3760
11840
-5920
3120
-6880
-5040
5280
-4560
8800
-4080
-4080
165
-5280
9760
-2280
980
-490
-6880
5280
-4720
5280
330
-6880
3440
-6880
4240
980
-2440
4720
-7520
980
-980
330
4080
-4400
2280
-6880
-1320
4080
-1640
5920
-6560
-2440
820
-1640
8800
-2280
-1640
-3760
-3760
6240
1320
2440
-6880
-2960
4720
-2800
5280
-1480
-3120
5
-2640
5280
165
980
-2120
-3280
2440
-2960
6240
1640
-5600
-4080
-2640
9120
1480
1800
-2120
-11840
4560
7200
7840
-490
-10560
-2640
-2120
9760
5280
-1960
-2960
-11840
4240
4880
6880
3920
-13760
-1480
-4080
7200
11200
-6560
-660
-11840
1140
10080
330
6240
-11840
-4080
1140
1800
11200
-7520
5
-7520
-5600
13760
980
3600
-11200
-6560
7520
-1640
12480
-6560
-6880
490
-6560
15040
-2440
-2800
-660
-10080
10080
-2280
4880
1640
-11200
5280
-4400
9440
3120
-7840
4080
-10560
8480
4560
-2440
6240
-13760
6240
1640
-660
9440
-11200
4400
-3120
-330
10080
-8160
5920
-6560
-1480
9120
-6240
7520
-5600
-820
2960
-8480
12480
-1320
-660
330
-9440
8480
660
6560
-820
-9120
5600
-5280
7840
3280
-4560
3280
-8800
5600
980
660
6880
-8800
3280
-2120
165
7200
-4400
4880
-5280
-1480
5280
-2960
6880
-3920
-1320
1480
-3760
5920
-1640
2120
-330
-4400
3120
-980
5280
660
2280
1960
-14400
3920
13760
-8800
-8160
2800
2280
5280
-330
1640
-2800
-5280
10560
1640
4720
-980
-13760
4080
-2440
5280
9120
-8480
-2800
-10080
8800
16320
-2800
2440
-16383
-3120
13120
3760
13120
-14400
-11200
1480
5
16383
-3600
-5040
-6240
-11840
16383
4240
5280
-3440
-16383
5920
-165
13760
5280
-13120
-330
-11840
10560
11840
-1480
4240
-16383
1800
6880
5600
15040
-13760
-6880
-3120
5920
16320
-6880
-165
-12480
-4880
15040
820
10560
-9440
-10080
5600
-1480
16383
-1480
-6880
-2120
-11840
13120
5280
2960
-1960
-16320
5600
820
10560
7200
-11840
1320
-8800
7200
11200
-3440
4240
-13760
-490
6880
1480
10560
-10560
-3120
330
820
13760
-5040
1480
-4400
-7200
10560
-490
5600
-3920
-7840
4400
-3600
10080
1480
-3920
2640
-8480
7200
4240
1480
2960
-10560
2960
5
2800
7520
-6880
1640
-3920
-1320
9760
490
2800
-4720
-4080
4240
1960
7200
-2120
-3600
-330
-3760
7520
4400
2640
-165
-10560
2800
6560
6240
5600
-7200
-4880
-1480
5600
11200
-2640
-5600
-5280
980
10560
3440
2280
-6560
-7200
5040
4080
9440
5
-8800
-2800
-4080
9120
8160
-490
-3280
-12480
3440
8800
7200
5600
-11840
-3920
5
6880
12480
-3760
-2800
-12480
5
16320
660
6880
-8160
-11840
6560
5600
13760
-490
-7840
-7520
-5040
16383
6560
-3280
-6880
-13120
7200
5280
12480
4080
-16320
-1800
-4560
13760
13120
-8160
-165
-13760
3440
15680
660
4880
-14400
-7840
4240
5040
15680
-5920
-7520
-5920
490
16383
1480
3600
-9440
-11200
10560
980
11840
-1140
-12480
2440
-4400
14400
7840
-7200
-1480
-10560
7840
7840
3280
3600
-13120
980
1640
5920
9760
-7840
-1140
-7520
3600
12480
-1640
5600
-8800
-4400
6880
820
10560
-4880
-5280
-1800
-4560
13120
1140
330
-2440
-9440
8160
1960
6880
2800
-8800
2280
-4400
7840
7840
-4720
1960
-9120
2120
7200
1640
6240
-7840
-1320
980
1800
11200
-2440
-660
-4080
-3440
9120
1480
5600
-2800
-7840
2960
330
9120
2440
-4880
-660
-5600
6880
6560
1480
330
-10080
165
3600
4560
6880
-6240
-4080
-2800
2960
10560
490
-330
-6240
-4400
7200
5280
6880
-3440
-7840
5
1640
11200
4080
-5280
-5040
-6560
8160
8800
3280
-165
-11840
-820
5600
8160
8160
-9440
-6560
-3280
3920
13120
165
-2280
-10080
-5040
11200
5920
8160
-6560
-11200
1800
1960
14400
3280
-8160
-5040
-8160
11840
9440
1960
-1480
-14400
2800
6240
9760
8160
-12480
-4240
-4560
7200
14400
-3600
-1140
-12480
-1320
12480
3920
8800
-10560
-7840
2960
1140
15680
-1960
-5280
-5280
-7840
14400
4080
4400
-3280
-13760
6560
2440
11840
3600
-11840
5
-6880
11200
9760
-4560
820
-14400
3920
8480
3440
8480
-13120
-1960
330
3760
15040
-5920
-330
-8160
-3120
13760
-330
6240
-8160
-8160
5920
-820
13120
-1800
-5600
-165
-7520
13120
3280
330
165
-11840
5040
1320
7200
5280
-9760
980
-5920
6240
9760
-2800
3280
-10080
5
6240
1140
8480
-7520
-2800
-1320
-660
11840
-1800
980
-4880
-6240
8800
1640
7520
-1480
-8160
1480
-2280
10560
4240
-3440
-1640
-8480
6240
5920
4240
2960
-10560
-980
1640
6560
8800
-4880
-3920
-6560
2120
10080
2960
1640
-9120
-6240
4080
5920
9440
-2640
-8480
-4560
660
11200
6240
-1800
-7200
-8480
4400
8800
6240
-490
-10560
-5280
2800
9120
9120
-3280
-7840
-6880
2440
12480
5600
-1640
-9120
-8480
5920
8800
8160
-1800
-11200
-4240
2120
11840
7520
-4720
-7200
-9120
5920
11200
4880
-660
-13120
-4400
5040
9120
9760
-7840
-8160
-5920
3280
15040
2440
-1480
-11200
-7200
9760
6240
9120
-5600
-12480
-660
980
15040
3920
-7200
-5280
-9120
11200
8800
3440
-490
-15040
1140
4080
9760
8160
-11200
-3440
-7200
6240
13760
-2640
1140
-13120
-2440
9120
3440
10560
-10560
-7200
-330
165
15040
-2640
-2640
-6240
-7840
12480
2120
6560
-3440
-11840
3600
-1480
12480
3280
-7200
-660
-10560
9440
6880
1140
3600
-13120
2640
1480
5280
9760
-8800
490
-6880
1640
11200
-2800
4880
-9120
-4080
5920
-330
11200
-5600
-4720
-980
-4400
12480
-330
980
-2640
-9760
7200
330
7200
2280
-9440
660
-4880
8160
6560
-3120
330
-10560
3280
5600
2800
5920
-10560
-2800
-820
3440
11200
-3600
-1960
-7520
-2640
10560
2800
5280
-6880
-9120
2960
2640
10560
330
-7520
-5040
-4560
9760
6880
1140
-4240
-11200
1800
5920
8480
4080
-9760
-5920
-2280
7520
11200
-1140
-5040
-9760
-1140
10560
6880
3440
-8800
-9760
1320
6560
11200
-330
-9120
-7200
-2640
10560
8800
-490
-7200
-11200
1960
9440
8160
2280
-11200
-7520
660
8800
11200
-2800
-7840
-8800
-165
11840
6240
1140
-9760
-9760
4240
6880
10560
-1480
-11200
-5040
-1480
11840
7520
-3440
-6560
-11840
4560
8800
5600
1320
-13120
-4400
820
7840
10560
-6240
-5600
-8480
1320
12480
1960
1960
-10560
-7200
5920
3920
11200
-4560
-8480
-2800
-2800
13760
3120
-1480
-4560
-10560
7520
4080
6880
820
-11840
165
-2960
8800
7200
-5920
-660
-10560
3600
7840
820
5280
-11840
-2280
1320
2120
11200
-6560
-1960
-5600
-2960
11200
-820
4560
-6240
-8160
5280
-1140
10560
-820
-6240
-490
-6880
10560
3760
330
165
-11840
4400
1640
5920
5600
-10080
-660
-5600
4720
9120
-2960
1960
-11200
-1800
6560
2120
8800
-8160
-5600
-1800
5
12480
-1140
-1640
-7200
-7200
9440
3280
6560
-4080
-11200
660
-165
11200
3920
-6560
-4720
-8480
7840
7840
2640
-820
-13120
-1480
3920
8160
7520
-8160
-6880
-5920
4720
11840
1140
-2440
-11200
-5040
7520
7200
6880
-7200
-10560
-2800
3760
12480
2640
-6240
-8800
-6240
8480
9120
3920
-5280
-12480
-2280
5600
9760
4880
-8480
-9440
-4080
6240
11200
1640
-5920
-10560
-4400
8800
8480
4080
-6880
-11200
-820
5600
11200
3120
-8800
-7520
-4400
8800
10080
490
-4720
-11840
-660
8160
7520
4720
-10080
-7520
-1320
5600
11840
-1800
-4880
-8800
-3280
11200
4720
3920
-7520
-10560
2640
2800
11200
5
-8480
-3920
-5600
10080
5920
-330
-2800
-11840
3440
3920
6240
4560
-11200
-1960
-4240
5280
9760
-4080
165
-9760
-820
7840
980
6880
-8800
-5040
820
-330
11840
-3120
-2120
-4240
-6240
9760
330
4720
-2800
-9760
3600
-2440
8800
2120
-6240
5
-9120
6880
4400
-330
2960
-11840
1320
660
3280
8160
-8160
-660
-6560
660
9760
-2280
3760
-9120
-4560
5280
165
10560
-5280
-5920
-1960
-3920
11840
660
-330
-4400
-10560
6880
2280
7200
165
-11200
-660
-3280
9440
6560
-4720
-2800
-11200
4400
7520
3280
2960
-13120
-3600
660
5600
10560
-6240
-5280
-7840
5
11840
2640
1480
-10080
-8160
5040
5280
9760
-3280
-10080
-4720
-660
11840
5280
-2800
-7520
-9440
5600
8160
6560
-1140
-11840
-4880
1960
9440
7520
-5040
-8160
-7520
3440
10560
4560
-2120
-11200
-6560
5040
8160
6560
-4560
-10560
-4880
2960
10560
5040
-5280
-8800
-6880
5280
9440
3920
-2960
-11200
-4560
5280
7520
5920
-6240
-8800
-4240
2960
11200
2280
-3920
-8160
-6560
7200
6240
4560
-4080
-10560
-1320
1640
9120
3920
-6560
-4880
-6880
5920
7520
1140
-490
-11200
-1320
3440
5280
6880
-8160
-4240
-4560
1960
10080
-1640
490
-8160
-4720
6560
1480
7520
-5040
-6880
-330
-2640
10560
165
-2280
-2960
-8800
7200
1480
3920
820
-10080
1480
-3120
6560
5280
-5600
490
-9440
3120
5600
-165
5280
-10080
-1800
330
1320
9760
-5920
-1140
-5920
-3120
9760
-1140
4880
-6240
-7840
4240
-1140
9760
-1640
-6240
-1800
-6560
10080
2800
490
-1320
-11840
4080
1800
6560
4240
-10560
-1640
-5280
6560
9120
-3440
-660
-11840
5
7200
2960
6560
-10560
-5600
-820
2800
12480
-3120
-4080
-8160
-4240
11200
3280
4080
-7520
-10560
2800
2800
11200
5
-8800
-5280
-5280
10560
6560
-660
-5040
-12480
2120
5920
7200
2280
-11200
-5920
-2280
7520
9760
-2800
-5920
-10080
490
9440
5920
2120
-9760
-7840
1320
6880
9440
-2120
-8160
-7520
-490
10080
6240
-820
-8160
-8800
2280
7840
6880
-1140
-9760
-6880
820
8160
7200
-2800
-8160
-7200
1140
9120
5280
-1480
-7840
-7520
2960
6880
5920
-1480
-9120
-4560
660
7840
6240
-3600
-5600
-7200
2800
8160
3280
490
-8800
-4400
2280
4560
7200
-4560
-5600
-4720
-660
9120
1320
330
-5920
-6560
4400
2120
6560
-1640
-7200
-1140
-3280
8160
3120
-2280
-1140
-8800
4080
3120
3280
3440
-9120
-490
-2800
3760
7520
-4880
660
-7840
-980
6560
-490
5920
-7520
-4400
660
-1140
10080
-2960
-1640
-3760
-6240
8800
165
4240
-2640
-9760
2960
-2280
8480
2800
-6240
-660
-8160
7200
5600
330
1800
-11840
980
1800
4560
7840
-8800
-2120
-5920
2280
10560
-1960
1640
-10560
-4400
6880
1800
8800
-7520
-7520
-1640
-1140
12480
-165
-2960
-6880
-8480
9440
3760
5920
-3120
-12480
980
330
11200
4240
-7520
-4400
-8480
7840
8480
1140
-660
-13120
-660
4720
7200
7520
-9440
-6240
-4880
4720
11840
-660
-2800
-10560
-4080
8160
5600
5920
-7840
-9440
-1320
3440
11200
490
-6240
-7840
-5040
8800
6560
2640
-5600
-10560
5
5040
9120
2640
-7840
-6880
-3120
7200
8480
490
-5280
-9120
-1140
6560
6880
2280
-7200
-7520
-980
5920
8160
660
-6240
-6880
-1960
6240
6880
5
-5600
-7840
-1140
5920
5600
1480
-6560
-6560
-490
4240
7520
-490
-4880
-5280
-2440
6880
4240
1320
-3920
-7520
1140
2960
6240
1800
-5920
-2960
-3600
5280
5600
-820
-820
-7840
165
3600
2800
4720
-6240
-2800
-2280
1480
8160
-1800
165
-5920
-3920
5600
660
5600
-3760
-6240
-165
-2280
8480
490
-2280
-2280
-7840
5920
1960
3440
980
-9760
660
-2280
5920
5600
-5280
-490
-8480
2640
6880
660
4240
-10080
-2440
1800
2440
10080
-5920
-3120
-5280
-1960
11200
-165
2640
-7520
-8160
5920
1320
9760
-2800
-8800
-1800
-4240
11840
3600
-2280
-3920
-11200
6560
4400
5600
1480
-13120
-1480
-1800
8160
8480
-6560
-3280
-10080
3280
9760
1960
2960
-12480
-4880
3440
4880
10560
-6880
-6560
-5920
-165
13120
1800
165
-9120
-8160
7200
4880
8480
-3920
-10560
-2440
-330
11840
4400
-4080
-5920
-8800
6880
7520
4720
-1320
-11840
-1960
2280
8480
6240
-6880
-6240
-6560
4240
9760
1800
-1640
-10560
-4080
5040
6240
5920
-5920
-7840
-3760
2440
9440
2120
-3600
-7520
-4880
5600
6240
3760
-3440
-7840
-2640
3120
7200
3440
-4240
-6560
-3920
3760
6880
2440
-2960
-6240
-3440
4080
5600
3280
-2800
-6560
-1960
2440
6240
3280
-3760
-4240
-4240
2800
5920
1320
-660
-6560
-2800
2440
3440
4880
-3600
-4240
-3280
-330
6880
820
5
-4560
-5280
3920
1960
5600
-490
-5920
-820
-2280
6880
3760
-1480
-1140
-7840
2960
3600
3120
3280
-7840
-1480
-1800
3920
7520
-3280
-490
-7520
-820
7200
1140
5040
-7520
-5600
820
330
10080
-2120
-3760
-4720
-5280
9440
2440
3280
-4080
-10080
3440
980
8800
1800
-8480
-2440
-5920
8480
6880
-980
-1140
-12480
2440
5280
5600
5920
-11200
-3760
-2960
5280
11200
-3760
-2120
-10080
-1480
10080
3120
5920
-9440
-7840
2120
2800
12480
-2640
-6560
-5920
-4560
11840
3760
1640
-6240
-11840
4560
3920
9440
820
-10560
-3440
-3760
10080
7200
-2960
-4080
-11840
3120
7200
5280
2800
-11840
-4400
-165
6880
9760
-4560
-4720
-8160
490
10560
3440
2120
-9120
-6880
3440
5040
9120
-2800
-7200
-4400
-660
10560
4240
-820
-5920
-7840
3920
5280
5920
-820
-8480
-3760
-165
7200
5600
-2640
-4720
-6240
2120
6880
3920
165
-6880
-4400
1480
5040
5280
-1800
-5280
-4400
330
6240
4240
-660
-4400
-4720
1320
5040
3920
330
-4880
-4080
330
3920
5280
-660
-3600
-3760
-980
5600
3600
1140
-2800
-5280
980
2440
4880
1480
-4880
-2800
-3120
4400
4880
-165
-820
-6880
-490
3440
3280
4560
-5600
-3600
-2280
1480
7840
-660
-660
-6240
-3920
5920
2440
5600
-3760
-6560
165
-165
9440
1800
-3280
-3600
-6880
6880
4400
3760
-490
-10560
820
980
7840
5920
-6560
-2640
-6560
5040
8800
490
980
-11200
-1960
4880
4560
8480
-7840
-5280
-3600
1480
12480
-490
-1140
-8800
-6240
8800
3440
7520
-5600
-10080
165
5
12480
1960
-5920
-4880
-8160
9760
6560
3440
-1800
-13120
1480
2800
9120
5600
-9440
-3920
-6240
6880
10560
-820
-820
-11840
-980
7200
5040
6880
-9440
-6240
-1800
3280
11840
-1800
-3440
-8160
-4080
10080
3920
4400
-6560
-9440
1640
2440
10080
490
-6560
-4560
-4720
9120
5920
820
-3280
-10080
1960
4400
6560
3120
-8160
-3920
-2800
5600
7520
-1480
-2800
-8160
-490
6240
4080
3280
-6560
-5040
-330
3280
7520
-490
-3600
-5280
-2280
5920
3920
1640
-3760
-5920
5
2960
5280
1320
-4240
-4080
-2120
3920
4880
980
-2440
-5280
-1640
3440
4080
2280
-2640
-4880
-1480
1960
4880
2280
-2640
-3760
-3280
2640
5040
1960
-330
-5600
-2120
2640
3760
4880
-2440
-3920
-2800
490
6880
2120
5
-4720
-5040
3600
2960
5280
-820
-6560
-1960
-1480
6880
4080
-2120
-3280
-7840
3280
5040
3920
1800
-8800
-2440
5
5600
7840
-4080
-3280
-7200
980
8800
2120
2960
-8800
-5280
3600
3600
9760
-3760
-6240
-4080
-1800
11200
2640
165
-6240
-8800
6240
3920
7840
-980
-10560
-1640
-1960
10560
5920
-4400
-3920
-10080
5280
7520
3760
1640
-12480
-2120
1640
6880
9440
-6880
-4240
-7200
2640
11840
1140
1480
-10560
-5280
6240
4240
9440
-5920
-7520
-2800
5
12480
1800
-1960
-6240
-7840
8160
4880
6240
-2280
-10560
5
330
10080
4400
-5920
-3760
-7520
6240
7200
1800
5
-10560
-820
3280
5920
6560
-6880
-3920
-4560
2960
9440
5
-330
-7840
-3440
5600
3600
5920
-4720
-5920
-1320
820
8480
1140
-2280
-4560
-5040
5280
3920
3600
-1640
-6880
-660
820
5920
3280
-3280
-3120
-4400
2960
5280
2120
5
-5600
-2120
1960
4080
4400
-1800
-3600
-2960
820
5280
2960
-165
-3760
-3920
1320
4080
3920
330
-4400
-3440
330
3920
4720
-330
-3760
-4240
-820
4880
3760
980
-3760
-5600
820
3440
5600
1480
-5040
-3600
-1800
5280
5920
330
-2440
-7200
165
4880
4720
3600
-6560
-4560
-1140
3760
8480
-660
-3120
-6880
-2280
7200
3920
3760
-5920
-7520
1140
2640
9440
490
-5600
-4560
-3920
9120
5600
1640
-3760
-10080
2440
3920
7520
3120
-9120
-3600
-3440
7520
8800
-1960
-2440
-10560
1140
7520
4560
4720
-10080
-5280
5
4560
11200
-3600
-4400
-7520
-2120
11200
3120
3280
-7840
-8480
4080
3280
10560
-1480
-7840
-3440
-3440
11200
4880
-820
-4080
-10080
5280
5280
6880
1800
-10560
-1960
-1800
8160
7840
-4400
-2800
-8800
2640
8160
2640
2960
-10080
-3760
1960
4080
9120
-4720
-4080
-5040
-660
10080
1480
1320
-6240
-6240
4720
2960
7520
-1640
-6560
-1480
-1800
8800
3600
-1320
-2640
-6880
4080
3920
4240
1480
-7200
-1140
-660
5280
5600
-2440
-1640
-5600
980
5280
1960
2120
-5920
-3600
490
2280
5920
-1320
-2960
-3760
-1640
5280
2800
1640
-2960
-5040
660
2280
5040
1480
-3600
-3280
-1960
3760
4720
1480
-1800
-4880
-980
3280
4720
2960
-2800
-4720
-1640
2640
5600
2640
-2640
-4560
-2960
3280
5600
2640
-1800
-6240
-2440
3120
5040
4400
-3600
-5280
-2960
2120
7520
2280
-1960
-6240
-4240
5040
5040
4720
-2960
-7840
-1640
1480
8480
3600
-4240
-5040
-5920
5600
6560
2960
-1480
-9760
-1140
3280
6880
5920
-6560
-4880
-4560
4400
9760
820
-1140
-9440
-2800
6880
5280
6880
-6560
-6880
-1480
2440
11840
660
-3440
-6560
-5280
8800
4880
4720
-4240
-10080
1320
2280
10080
2640
-7200
-3920
-5920
8160
7200
820
-1800
-11200
1320
4880
6240
5040
-9120
-3760
-3120
5280
10080
-2280
-1800
-9120
-1480
7840
2960
5040
-7840
-6240
980
2120
10560
-1640
-3920
-4720
-3920
9120
3120
2640
-3920
-8480
3120
1640
7520
1320
-6560
-1960
-4240
6880
5280
-820
-980
-8160
1800
3600
3760
4080
-6880
-2120
-1960
3120
7200
-1960
-660
-5920
-1480
5600
1800
4400
-4240
-4240
165
660
7200
5
-1960
-2960
-3760
5280
2800
2960
-980
-5920
165
820
5280
3280
-2800
-2280
-3920
2960
4880
2120
330
-5600
-1960
1800
3920
4720
-1800
-3600
-3120
1140
5920
3120
-165
-4560
-4080
2120
4560
4560
-490
-5280
-3440
980
5600
4880
-1140
-5040
-4720
820
6240
4240
-330
-5920
-5280
1960
5280
5600
-490
-6560
-3920
330
7200
5600
-1640
-5040
-6240
2280
6560
4880
660
-7840
-4080
1480
6240
7520
-3120
-5280
-5600
1140
9120
3600
330
-7840
-5600
4080
5280
7520
-3120
-7840
-3440
-165
10080
3920
-2280
-5920
-7840
5600
5920
5600
-1140
-10080
-1640
820
8480
5920
-5280
-4240
-7200
4880
8480
2280
660
-10560
-2120
3920
5600
7840
-6240
-4720
-3920
1960
10560
490
-490
-7840
-4880
6880
3600
6560
-4720
-7520
-165
5
10080
1480
-3600
-4080
-6560
7200
4240
3280
-1320
-9440
980
660
6880
4400
-5920
-1960
-5600
4560
6880
5
1320
-8160
-490
3760
3280
6240
-5600
-2640
-2280
820
8480
-330
660
-4720
-3600
5280
1640
5280
-2440
-5280
5
-1320
7200
1640
-1800
-1960
-5600
4080
2640
2960
980
-6560
-490
-980
4080
4560
-2640
-1320
-5040
980
4720
1640
2280
-5280
-2800
820
2440
5920
-980
-2640
-3600
-980
5920
3120
1960
-3280
-5040
1140
2960
5600
980
-4400
-3600
-1640
5040
5280
660
-3280
-5920
-330
4560
5040
1960
-4880
-5280
-820
4400
6560
1140
-4400
-5600
-1320
5600
5920
1140
-4400
-6560
-330
5280
5920
1960
-5920
-5600
-660
5280
7520
165
-4560
-6240
-980
7520
5600
2120
-5920
-6880
1320
4880
8160
330
-6560
-4880
-1960
8160
6240
-330
-4720
-8480
2120
5920
6240
1800
-8480
-3755
-495
7045
8330
-2310
-3750
-7355
1305
8325
4090
2770
-8150
-5115
2125
4565
9130
-2950
-4950
-4395
-815
10245
3125
1150
-5435
-7035
4885
3925
7685
-815
-7675
-1635
-1805
8635
4565
-2635
-2955
-8005
4235
5115
3765
1805
-9115
-1485
-160
5285
7370
-4555
-2450
-6250
1315
7850
1310
2605
-7365
-3605
2965
2290
7530
-3270
-3430
-2310
-1635
8325
1150
1310
-3270
-5755
4405
1305
5605
330
-5435
170
-2635
6245
3605
-1155
-160
-6235
2645
3285
3130
3445
-5755
-815
-1135
2965
6570
-1630
335
-4715
-975
4885
1645
4250
-3910
-3595
335
495
6885
170
-1795
-2795
-3435
5285
2965
3130
-1470
-6075
335
1145
5930
3290
-3270
-2630
-3915
3925
5610
1970
-650
-6395
-1635
2965
5210
4570
-3590
-4555
-2795
2445
7045
2450
-1790
-5755
-3115
4245
5765
4250
-2630
-6395
-2115
2955
7045
3770
-3270
-5915
-3445
3915
7365
2965
-2955
-6875
-2965
4555
6725
3930
-3590
-6550
-1795
3925
8170
3290
-4390
-6075
-3275
5765
7210
2610
-3110
-7995
-1315
4725
7210
4250
-5910
-5435
-2275
5045
8965
825
-3115
-7515
-1795
7045
5445
4085
-5590
-6875
0
3605
9125
165
-4875
-4550
-2630
7670
4620
2285
-2940
-7180
2290
3435
7365
2450
-6390
-2300
-2630
6890
6890
-650
-1795
-7830
1470
5205
3925
3925
-7190
-2955
-655
3605
8490
-2110
-1795
-5435
-1315
7365
1805
3445
-4950
-5115
1965
815
8005
-650
-3590
-2275
-3755
7365
2770
1305
-1475
-7045
2965
1325
5445
2970
-5595
-165
-3110
4235
4885
-480
1150
-6555
325
3285
2130
5050
-4790
-1630
-1970
655
6890
-990
820
-4570
-3275
4390
985
5380
-2275
-4555
0
-1305
7050
1810
-1140
-1955
-5770
4245
3125
3940
985
-6725
-495
-495
5370
5045
-2630
-1965
-5540
2125
5925
2450
2130
-6570
-3460
1635
5240
7060
-3460
-5220
-4410
990
8520
3300
-160
-6090
-5115
2805
5220
6420
-1650
-7050
-3930
655
7700
4890
-1470
-5540
-5765
2770
6570
5380
-660
-6725
-3930
2115
7380
5925
-1955
-6090
-4730
2445
8005
5380
-1475
-6405
-4885
2790
7540
5050
-1310
-7195
-4420
2970
7210
5700
-3110
-6570
-4230
2275
8010
3780
-2115
-7190
-4890
4250
6090
4885
-2950
-7530
-2635
1965
8490
3780
-3275
-5115
-5045
5445
6730
3605
-1310
-8490
-975
2965
6885
5220
-4875
-4085
-4075
4730
7685
815
660
-6700
-2290
3580
3420
5860
-4460
-4390
-1795
500
7830
0
-980
-4460
-3915
5755
2140
4085
-2630
-5910
1310
-160
7035
2130
-3275
-1470
-4885
5765
4085
1635
820
-6550
1470
1325
4565
5220
-4390
-655
-3925
2115
6085
-160
2450
-5765
-1805
2955
1325
6090
-3435
-2475
-1645
-1470
7210
495
985
-2965
-5045
3925
825
5380
0
-4950
170
-2435
6090
3290
-660
-330
-6235
2605
3125
3300
3290
-6075
-1630
-1305
3610
6075
-1300
0
-5610
-1310
4460
2620
4760
-4950
-3915
0
1470
7690
-330
-2780
-3595
-2605
7045
3770
2290
-3275
-6395
1635
3125
7220
1970
-5270
-4100
-2115
6580
5765
495
-3115
-7365
495
5205
5860
2290
-6555
-5045
-1150
5210
7370
-330
-4725
-6730
-815
6725
5380
985
-6085
-5915
330
5770
7050
170
-6085
-5860
335
7045
6900
495
-5035
-4780
0
6230
7400
-490
-6075
-5940
2300
8560
3960
-1640
-5100
-4395
2290
7205
4875
0
-5275
-7060
2285
6250
4885
815
-7210
-3930
975
4940
6090
-2275
-3260
-3400
160
5880
3620
1970
-5580
-4250
1820
3750
6740
-1620
-4550
-2795
-485
7685
2770
-160
-3420
-5445
3925
3275
4890
660
-6570
-1310
-655
5755
3765
-2635
-1630
-5765
2310
4245
1805
1650
-6555
-1155
655
2795
5765
-3435
-990
-3430
10
6900
-330
3920
880
-6080
-960
5540
6730
-3260
-4920
-3780
2400
5910
160
5380
-5540
-4280
6080
490
8320
-1320
-7000
-2610
-6080
7200
4405
340
-3110
-10320
3130
4440
8360
3240
-8160
-3100
-5240
7560
8840
660
-1795
-12240
1920
7080
7400
5880
-10640
-5035
-3750
7045
12800
-3420
-2795
-11280
-960
9840
5060
7680
-11700
-8520
-160
3760
14720
-3920
-5860
-8000
-4410
12880
2800
4420
-9140
-12080
4120
1440
12880
-1200
-9760
-3740
-7000
14000
5520
-1300
-4120
-14400
6480
3960
8160
3435
-14640
-1280
-3940
9680
10160
-6200
-2080
-13120
2800
9680
2800
4440
-13840
-2960
-650
3740
12800
-7640
-3960
-9360
-1645
13680
-640
3100
-11760
-9040
6680
1360
11840
-5720
-8960
-2640
-4730
13680
1360
-1640
-5275
-11600
7660
2160
7220
-810
-12720
640
-3770
10160
5380
-6040
-880
-11200
5210
6040
1840
3435
-12720
-960
-660
3640
8960
-7190
-1800
-7240
500
9360
-560
3260
-8880
-4080
3240
800
8640
-5060
-3280
-2640
-4060
9120
360
1820
-3080
-6840
4250
640
7220
660
-5400
-320
-4280
6420
3440
0
-680
-8480
1485
2285
4620
2770
-6880
-2300
-3430
3740
5880
-820
-825
-7720
-1980
4100
4760
4260
-5060
-5060
-3595
3100
7400
1790
-1800
-7560
-2800
3125
5880
5270
-4100
-5600
-5080
3430
8020
2450
-830
-9520
-3080
3910
6520
7160
-6260
-5930
-4570
2440
10480
1000
-800
-10280
-5750
6880
5060
7840
-6700
-8340
-2460
10
13040
1520
-4250
-8720
-8080
9320
5240
6520
-4780
-12480
800
1000
13680
3760
-8240
-4390
-9360
10570
8810
2140
-825
-15840
1600
4405
8320
8080
-11720
-3600
-6360
6260
13120
-2480
480
-13040
-2000
9360
3960
8720
-11700
-6700
-200
2110
15040
-3920
-3260
-7720
-5720
14000
2320
6040
-7000
-11600
5200
1120
13120
-160
-8880
-1520
-6680
12560
5560
-640
-1480
-12480
5840
3420
6245
4120
-11240
320
-4080
7040
9520
-4880
640
-9840
1800
8000
1200
6360
-10160
-2760
800
1440
10800
-5080
-1320
-4600
-3260
9680
-560
4560
-4420
-5880
4600
-1280
8720
-480
-4120
0
-5720
7680
1960
1320
1280
-7680
1660
-800
6250
4090
-6200
160
-4920
4410
4920
-1600
3080
-6680
-815
1635
1600
6520
-3780
-1980
-2940
-480
6560
1980
1960
-5445
-3610
2460
3460
6840
-1980
-3780
-3445
-330
8080
3450
820
-4730
-5080
2610
4100
6420
-660
-4920
-4080
-480
7880
4760
820
-5880
-5765
2645
5080
8000
-1140
-6100
-4260
-480
9600
4890
1300
-6100
-6900
4440
4085
13520
2140
-16320
-2275
3270
9840
6380
-6680
-5080
-7680
5100
14400
4720
-1280
-9360
-2400
7720
8200
5240
-6420
-9760
-6880
5720
13440
1480
-6230
-10480
-1280
10120
8640
4780
-7500
-9160
-840
7160
12800
720
-7240
-8000
-2320
10760
8360
3100
-5880
-11120
1520
7220
10480
2640
-10760
-5540
-1440
8490
11920
-1600
-6870
-9360
880
11760
6360
1840
-8360
-7720
2800
8170
9840
-2000
-8360
-6360
-400
10280
5940
0
-6900
-8200
4240
6920
7400
0
-9160
-2600
480
8520
8040
-3760
-5060
-6520
4080
8840
2920
480
-8840
-2760
3800
5240
7080
-4720
-3760
-2280
160
9160
1120
-520
-4090
-4565
5520
2780
4260
-640
-5240
1440
-160
5930
2920
-3080
-490
-3450
3280
3260
840
2140
-3925
1360
1140
1630
4740
-1760
1480
-1135
-800
4420
320
4080
-640
-1800
1800
-1475
5080
1280
-160
820
-4760
2780
1920
2620
2450
-5080
-160
-1500
3290
6020
-1470
160
-5240
-160
5880
2310
3940
-5540
-3320
1470
2140
9200
-800
-3080
-3120
-2630
9200
4460
2110
-3435
-7720
3740
4580
8040
1960
-8000
-3275
-2300
9140
8020
-1650
-3760
-10160
2160
8400
6400
2780
-11280
-5420
1150
7380
11440
-3800
-7040
-7360
320
12800
5220
320
-9320
-8660
5940
8240
9840
-2000
-11200
-4260
1280
12880
7860
-4075
-7560
-8520
7340
11520
5720
-1520
-12800
-3400
4940
10000
8500
-7540
-8880
-4950
5200
13120
2940
-3320
-10960
-4280
8340
9040
7540
-7820
-9840
-960
4600
13760
2080
-5755
-6560
-4760
11060
8800
2920
-3960
-10880
1680
6710
9280
3960
-8980
-4760
-1920
7845
10160
-800
-3100
-8800
1040
8820
4900
3740
-7530
-4570
1280
3750
9120
-2000
-4245
-4260
-1600
8650
3100
1640
-3750
-5560
4080
2445
6240
800
-5045
-160
-1480
6075
4085
-1120
495
-4600
2320
2610
1500
3770
-3740
640
160
180
4920
-1280
1635
-990
-1800
2950
-640
3760
320
-2140
1160
-2610
3940
2440
495
1140
-4920
1320
1000
2125
4880
-2940
-640
-2955
660
7200
1470
1320
-4760
-2950
3620
3285
7080
-3270
-5770
-990
-980
10160
4090
-3275
-4920
-6880
6260
7560
4410
-1820
-10080
-840
2770
9480
6360
-6880
-4900
-5240
6070
11120
1805
-1310
-10320
-2080
8640
7840
7040
-7860
-8680
-815
5755
13120
1320
-5920
-8680
-2920
11440
8240
3580
-7030
-10640
2120
6920
11760
1360
-10160
-6720
-2120
11720
9840
-1140
-6725
-11440
2800
10480
8000
1360
-11760
-6100
1960
9620
11280
-3640
-7720
-7520
2480
12880
6200
-160
-10120
-7045
5430
8840
9360
-3760
-9680
-4260
2640
12720
5270
-3960
-8200
-7045
7180
9360
5540
-3280
-11120
-2280
4280
9680
5100
-6710
-6840
-3960
6040
10000
1640
-3120
-9200
-1760
6860
6360
3800
-6220
-6560
-320
3960
9360
960
-4600
-5240
-2240
6710
4760
1800
-2760
-5760
1440
3240
5920
1800
-5100
-1635
-800
4600
4600
-960
-640
-4400
960
3900
1635
2620
-3400
-1140
800
800
5080
-960
0
-160
-1640
3900
480
2140
960
-2140
1960
-1305
2460
2780
-480
2310
-2770
520
2125
960
4920
-1485
-640
-975
-655
5560
1000
1320
-2780
-4090
3420
1480
5400
0
-5220
-660
-1470
7000
4405
-1485
-1795
-6720
3910
5860
4080
2300
-8480
-2780
3120
8200
4875
-3770
-1160
-7720
1480
8080
3460
3925
-11240
-3320
3920
4080
12080
-6380
-5765
-3280
-1810
13200
160
-1805
-6520
-8880
8980
4230
6720
-2440
-10800
480
665
11760
3440
-6680
-4100
-8000
9100
8200
2115
-960
-12560
1840
4280
8240
6250
-10420
-3320
-4560
6520
11440
-2960
-650
-11120
0
10000
3260
6200
-10230
-5740
1480
3285
12800
-3920
-4440
-5920
-3800
12520
1520
2285
-6540
-8880
6320
2450
10000
-1600
-8880
160
-3940
11220
4440
-2920
-1470
-9600
6800
5240
3445
2940
-9960
880
320
5530
7400
-6360
-820
-4920
2640
7840
320
2275
-8010
-320
4280
480
6200
-5680
-1780
-200
-1160
8520
-2480
0
-1310
-3590
6520
-840
2795
-1120
-4920
3600
-1635
4100
1280
-3320
2470
-2770
3320
1645
-1280
2445
-3125
2240
480
-480
2965
-2600
2140
-480
-1620
1805
-2080
2620
0
-1300
480
-3110
2125
1160
820
1120
-4080
480
840
2300
3605
-2800
-1480
-1485
960
4920
500
-680
-3780
-2130
3920
2940
3445
-2300
-4760
0
2120
6200
2290
-3440
-3420
-2795
5060
5720
975
-2140
-7040
0
5080
5080
3260
-6360
-4940
-325
4240
8320
-1120
-4405
-5920
-1460
8400
4280
1645
-5860
-7560
2780
4730
8000
-640
-8160
-3420
-1310
9640
5900
-2275
-4120
-8960
4560
7720
4600
1300
-10160
-2160
2300
7240
8560
-5560
-4555
-5920
3120
11200
800
170
-9160
-4280
6740
4260
7520
-6200
-7720
-1160
960
11280
320
-3960
-5720
-5770
9110
4120
3460
-3640
-10320
2960
1960
9040
2480
-8180
-1480
-4760
7800
6900
-2080
-660
-9520
2480
5400
3290
4550
-9110
-1440
-160
3260
8480
-4560
-1470
-5400
-640
8200
-480
2805
-5900
-4060
4440
495
7040
-2960
-3920
360
-2620
7525
160
-1000
-820
-5240
5200
650
2450
960
-5380
2640
-1300
2940
2440
-3480
1805
-3100
1600
2140
-1960
2805
-3430
800
680
-1800
3260
-2480
1485
320
-2140
2790
-2280
2285
1325
-1300
1640
-3290
1810
1480
650
2440
-3760
500
480
1320
4280
-2300
-840
-2120
-160
4920
800
800
-3460
-3120
2460
1960
4280
-1480
-4920
-1300
160
5760
2605
-2460
-3430
-4420
3460
5060
2275
-820
-7040
-1800
3100
5240
4760
-4565
-4885
-2300
2800
8320
960
-2770
-6240
-3620
6420
5285
3120
-4250
-8000
320
3460
8000
1800
-6840
-4725
-3280
6890
6920
-1000
-3920
-9360
640
6560
4920
2310
-9160
-5260
-160
5540
8800
-3440
-4920
-6720
-160
10480
3160
1485
-7530
-6730
5260
4760
8480
-2640
-8000
-1960
-480
10920
3600
-2950
-4580
-7520
7000
5700
4260
-640
-10480
560
1470
7380
5420
-7340
-2630
-5720
4400
8160
-1280
0
-9480
-880
5610
2460
5540
-7800
-3910
-160
1480
9520
-2800
-1635
-3940
-2600
8635
800
3125
-3760
-5720
4240
0
6840
-640
-5210
960
-3435
7000
1960
-1640
480
-6240
4240
1150
1145
1960
-6390
2120
-1630
1480
3610
-4920
1960
-3260
640
3285
-2920
3130
1289
4588
6348
-3839
-1679
-3943
1778
7978
788
1757
-6239
-3023
4548
2924
6828
-4123
-4323
-983
309
9738
828
-1152
-3983
-4931
6988
3594
4724
-2311
-7361
1149
485
7991
2131
-5075
-2625
-5035
6051
5136
811
-996
-8311
1125
2657
5136
3924
-6399
-2120
-3241
3983
7041
-1323
-559
-6561
-468
5451
2624
3897
-6103
-3133
617
2417
7648
-1832
-2003
-3324
-1223
7028
1948
2308
-3591
-4131
3113
1909
6079
-636
-3611
-506
-1355
5924
2634
148
-983
-4131
2929
2305
3464
1108
-3783
467
-343
3569
2924
-1316
-172
-2963
1577
2598
1324
1451
-3111
-171
309
1589
3004
-1116
-12
-1498
-23
2278
654
1364
-1143
-359
441
457
2444
148
457
-848
-663
1149
844
2084
137
-503
-503
-371
2449
1284
1288
-683
-1543
789
1124
3164
788
-863
-1223
-1311
3289
1851
1628
-663
-3183
485
1131
3771
1468
-2641
-1451
-2135
3751
3291
788
-343
-4623
1297
2784
4068
2932
-3949
-1543
-1331
4108
5708
-383
-359
-4903
309
5214
3124
3887
-4963
-2663
829
2924
7628
-1312
-2471
-4091
-1135
7544
2468
2268
-4451
-5263
3129
2471
7004
-1146
-5688
-1915
-1539
8606
2879
-1434
-2951
-6102
4962
4062
4411
628
-7403
-239
74
7022
5717
-3483
-1498
-5571
3717
6657
1948
1484
-7701
-863
2769
4264
6364
-4783
-2643
-3011
1469
8328
-12
4
-5935
-2863
5068
2124
5051
-4111
-4603
137
-155
7864
308
-2163
-2651
-3915
5771
2644
2644
-1292
-5793
1795
789
5837
1771
-4255
-226
-2823
4414
3791
-316
297
-5148
1441
2257
1993
2788
-4303
-513
-839
1303
4559
-1757
164
-2506
-475
3273
352
2491
-2159
-1173
1074
5
3634
-316
308
94
-1131
2642
507
1943
297
-1491
1297
-628
2186
1508
-156
797
-1399
823
226
1331
2356
-794
-1234
-2362
549
3028
1676
594
-2635
-1001
1148
1948
2706
-289
-1977
-2241
864
3401
2178
297
-2623
-1634
1471
3417
3377
-556
-1977
-1788
1988
4451
2898
325
-3475
-1561
2329
4068
4048
-1546
-2795
-1908
1651
5443
1554
-523
-3959
-2435
3186
3257
3537
-2697
-4463
-1577
1257
6231
1121
-2346
-4091
-3443
4943
3777
2721
-2471
-6099
343
1799
6204
2097
-4166
-2475
-3091
5791
5568
601
-1161
-6739
1003
4284
4908
3084
-5782
-2131
-1428
4734
7631
-1832
-1788
-4548
738
5759
1686
2166
-6002
-3034
1761
2608
6458
-3102
-3611
-2742
-742
8044
1831
526
-4255
-4659
4717
3051
5619
-789
-5103
-11
-823
7251
3248
-1636
-1619
-4943
4717
3897
2764
948
-6086
617
149
4251
4131
-3781
-183
-3199
2132
4931
31
1364
-4959
-531
2429
1352
4303
-3138
-699
-691
-308
5251
-816
628
-2016
-2023
3742
349
3324
-999
-2003
1574
-1063
4084
668
-652
754
-2519
2609
-101
1331
1257
-2928
1718
-478
1173
1262
-2186
1914
-1292
777
1458
-402
1879
-1199
281
-46
205
3131
308
1277
-1199
-1531
1783
1011
2964
434
-1079
-863
-914
3284
2114
474
-1386
-2795
831
1924
2908
722
-2503
-2075
-478
3283
2921
441
-2319
-3428
539
3124
3548
94
-3475
-2308
334
4509
3561
281
-2971
-3708
1547
4377
4428
264
-3466
-1515
1548
4714
3343
310
-3858
-3991
2686
5518
5656
-2542
-6493
-702
1458
7180
4064
-3568
-2134
-3955
2074
6089
1737
-11
-5338
-1937
3123
4131
3738
-3959
-3591
-1054
3776
6528
-1028
-716
-3944
-1718
5303
2378
3359
-3182
-4632
601
1473
7084
468
-3323
-2506
-2902
6051
3279
1291
-2003
-5382
1523
1483
5264
1331
-5611
-1151
-2503
4931
4129
-1636
-972
-5933
1325
3598
2448
2651
-5931
-1310
121
2942
5929
-1588
-1098
-2248
4752
3240
-2585
7048
-3139
-3888
408
-1880
10116
-1937
-3008
3480
-5640
6628
3442
503
2672
-6368
1042
-2052
900
3448
-3095
2338
-5720
-94
4196
172
6896
-4428
-1312
-226
-2580
7936
-1336
2301
-2900
-6448
7264
300
6800
-792
-7568
1814
-3997
9632
3772
-4784
-315
-8784
6880
4296
2186
4216
-12144
462
59
4708
9040
-8976
-1506
-6192
2643
10400
-2894
2776
-10944
-3624
7160
544
9424
-7928
-6008
-114
-1757
14160
-1896
-3516
-5132
-7664
11656
1924
4608
-3248
-12624
4385
317
10304
2856
-9944
-1584
-7536
9288
7632
-1946
-1405
-12672
3326
4197
4022
5904
-12072
-3272
-3224
4566
12160
-6071
-2662
-10368
-2360
11624
1444
4368
-9720
-8080
3730
2060
11360
-3572
-7758
-3715
-3924
11772
2772
-588
-5276
-10720
5946
3964
6416
98
-11388
-660
-2038
7678
6492
-5445
-2640
-8944
2792
7292
728
1746
-9878
-3160
2732
3538
7608
-5092
-4528
-3272
4
8989
692
-700
-5317
-4620
5316
1952
4464
-1676
-6092
996
-334
6298
2820
-3058
-680
-4312
3464
4204
-62
1124
-5506
-692
1088
829
4868
-3352
-2064
-1920
-1842
5171
-594
620
-1827
-4194
2608
-1184
3576
1652
-3683
1226
-3976
2294
3506
-1382
3058
-5256
-252
1958
-852
6136
-3412
-418
-1184
-3096
7128
-1284
2403
-1828
-6448
5242
-1097
6472
933
-6912
1493
-4822
6968
3528
-3224
1508
-10304
3391
3896
1546
5026
-10688
-98
-1207
2124
9952
-6452
-657
-8168
-1035
10496
-1156
5393
-9088
-5840
5796
212
12384
-4660
-6512
-1023
-4754
14272
1457
-594
-3628
-11824
9272
2924
6864
885
-12992
2260
-2634
10152
7000
-7544
-180
-10112
6382
9160
408
3240
-14224
-294
4471
4803
10128
-10392
-3222
-4316
1696
14480
-2602
604
-9312
-5696
10892
2606
8408
-6931
-9320
2788
496
13416
164
-6355
-3314
-6480
11670
4842
1004
-2248
-11560
4476
3172
7572
4208
-10166
-1299
-3104
7180
9312
-3556
-816
-8952
908
8140
2339
4168
-8997
-4072
2168
2548
9272
-4080
-3652
-3214
-1836
9477
990
636
-3666
-6240
4696
1760
5152
-188
-6344
1138
-1372
4676
3192
-1653
104
-5568
2416
4276
1597
2056
-5956
204
1825
897
4860
-2968
-336
-386
-1394
5162
-636
848
754
-2902
2482
-332
2300
2338
-2084
1382
-2520
1481
3062
-270
3448
-3146
-441
1532
-699
4952
-1754
-598
-460
-3192
5420
284
2122
-23
-5720
3311
-476
4824
3416
-4892
1082
-4072
4684
5704
-1333
3336
-7712
1546
4928
524
11804
-4626
-8552
175
4864
9984
-2703
-4232
-5352
-2376
9248
7376
4032
-6992
-5912
4011
6128
9568
-2914
-7640
-6352
-4412
12104
6776
-1599
-8504
-10144
7278
9016
8176
-738
-12072
-3532
1104
12232
8864
-5542
-7340
-8672
5786
12168
5136
-238
-11528
-5776
5737
10006
8960
-5478
-10712
-4266
4906
12584
7028
-4866
-10940
-5784
7803
12933
5420
-5354
-10312
-4240
7746
12616
5104
-6973
-11077
-4316
6997
11676
3374
-6308
-9928
-4384
9228
9990
3708
-6261
-11242
268
6776
11132
4368
-9292
-7428
-2972
9868
11444
-444
-4762
-11318
948
9696
7540
4080
-10624
-5199
868
5732
12180
-3208
-4794
-6660
-1648
11744
3678
2234
-6920
-7330
5376
3414
9590
-1604
-7996
-1523
-2401
10432
3671
-1620
-2043
-7789
6700
3858
4864
2218
-8312
2344
-1275
5588
6397
-4288
2196
-5632
2676
5845
-656
5248
-6536
538
1924
-1280
7598
-4036
1332
-1363
-3692
6644
-2706
4600
-428
-3760
3984
-4560
6244
1388
-1117
3180
-7192
4992
957
1698
6232
-6644
2348
-2636
1937
8096
-2708
3341
-6360
-1120
6384
682
7800
-5436
-4096
149
-1042
11424
-444
-1528
-4492
-6712
8840
3168
5664
-2538
-10784
2048
738
10344
4604
-7192
-3664
-6416
8564
8920
1744
-1688
-11776
454
6732
8712
6096
-8840
-6360
-2686
7252
12392
269
-4502
-10376
-1316
11144
8396
3900
-9212
-9560
1002
7510
11720
-438
-8972
-8892
-863
11816
8652
386
-8987
-10344
3037
10053
10408
402
-11592
-7204
2200
11334
10616
-2829
-8778
-7216
3132
13302
8036
-1924
-9180
-7820
5402
11370
7728
-2626
-11114
-4892
4309
11676
7662
-4940
-8067
-6576
6072
12084
3946
-2496
-10555
-3381
6342
7886
6884
-6685
-7772
-2698
3846
12084
1686
-3234
-7086
-4080
9285
5982
4816
-4257
-8492
1840
2967
10026
2144
-6286
-2161
-4044
7778
5528
-26
-219
-8060
3192
3696
3823
4368
-7053
135
-1343
2914
6876
-3256
1476
-4431
-222
5710
-933
5280
-3719
-1189
2052
-2372
7026
-2196
148
1546
-3740
5613
-2313
2417
2680
-2731
3912
-4272
3076
2218
-956
5860
-6544
859
528
-956
8440
-2978
5
-3680
-2606
8072
422
4513
-4976
-5536
4039
-23
9688
-818
-5616
-722
-3916
10184
4104
-176
-2058
-9112
5966
5104
6832
2350
-10600
-1696
-490
9288
8312
-4506
-3448
-9016
4848
10376
3784
1846
-11848
-3256
4390
7672
10120
-6948
-7128
-5552
3095
14312
2536
-1743
-10664
-6192
9046
8364
8064
-6638
-10824
-1398
4390
14120
3916
-6382
-8460
-5568
10572
10156
4224
-5530
-12424
22
7133
11900
4000
-9782
-7990
-3178
10149
11752
363
-6892
-11592
-148
10619
9398
2682
-10422
-9004
176
9524
10952
-1196
-9100
-8852
1028
11579
8645
-604
-9418
-8440
2968
10208
8276
-1780
-9605
-6510
2952
10026
8182
-2484
-8928
-5904
2866
10100
5488
-2516
-7389
-5331
4424
8012
5728
-2356
-8768
-2451
3128
8458
4554
-4672
-4822
-4528
4620
7832
1811
-882
-7508
-1098
4240
4646
5454
-4956
-2986
-902
1816
8136
-12
-274
-3302
-2374
5620
1331
4256
-1346
-3734
2200
-1081
5764
1304
-1188
1722
-3648
3980
820
1199
2908
-4116
2536
-2346
1189
4192
-2316
3890
-3626
-866
2336
-1300
6848
-1975
-468
-475
-3240
7396
546
3016
-902
-6352
3182
1476
8824
-643
-5216
2356
-6510
6592
3520
109
2888
-11720
3857
3012
3436
8319
-10888
-308
-2338
2463
11160
-6053
-628
-8224
-1679
10744
559
5462
-8384
-6032
4065
1964
12232
-4635
-5904
-3482
-4023
14184
2148
841
-5452
-10616
8837
3456
9192
-848
-12456
464
-2738
12796
6064
-6761
-2323
-11496
8453
9292
2202
1578
-15244
-114
3431
7412
10168
-10875
-3802
-6624
3782
14124
-2212
-12
-11740
-3856
10333
4206
9416
-9317
-8428
1388
1062
15084
-768
-5398
-5112
-6656
12949
5049
2908
-3806
-11564
4508
3430
9796
2452
-10370
-2259
-3740
9524
7982
-1620
-2278
-10988
3748
7160
3491
3068
-10850
-2211
876
4596
9932
-5532
-3302
-4312
-23
10412
930
851
-5972
-5566
5404
2624
6356
-1700
-6382
229
-297
7500
3129
-3336
-1656
-4484
4196
4224
1114
628
-6016
75
1620
1899
3776
-3896
-1041
-1288
-278
4762
-1445
348
-1662
-2013
3384
-928
2526
20
-2229
2740
-2348
2419
1087
-1492
3180
-3006
1052
124
-976
4492
-2001
1802
-1274
-2456
4256
-868
4168
-503
-3948
2063
-2360
5808
1668
-2448
218
-5780
4836
3132
1156
2196
-8336
1419
1163
3708
6254
-6644
-1148
-3948
2254
9160
-2003
1476
-7872
-2702
6948
1761
7316
-6932
-6288
1068
82
11976
-1079
-4032
-3772
-6542
11100
3708
2792
-2718
-11080
4694
2632
9352
3206
-9932
-1655
-4948
9948
8748
-3869
-1151
-11560
3362
8278
3678
4860
-12732
-3600
1104
5482
11548
-6690
-4166
-7380
49
13606
648
2198
-9878
-7532
7822
3543
10716
-5024
-9590
-856
-1672
13958
2574
-4392
-4777
-9516
9218
5757
4341
-1287
-13046
1626
1620
8675
5700
-9144
-3067
-6528
6100
9797
-1522
-352
-10902
-418
6889
4051
6288
-8780
-4662
-244
2527
10843
-2362
-3020
-5385
-2956
9144
2643
2737
-4464
-6883
3292
1878
6979
-48
-6015
-1144
-2666
6176
3622
-1868
-1466
-6158
2244
3196
1723
1738
-5727
-808
300
1728
4923
-2964
-652
-1625
-526
4322
-550
1297
-1492
-2107
2568
-672
2946
488
-1812
1689
-2188
1908
1104
-620
2708
-2178
732
-98
-810
3308
-1136
1535
-1274
-2888
3023
-428
3464
-11
-3916
637
-2457
4640
2486
-1783
-102
-5760
2488
3646
1492
3159
-7200
-808
721
2668
7012
-4486
-2097
-4288
-418
8712
184
1620
-6448
-5396
5587
2074
7316
-3698
-7524
-648
-1636
10184
2168
-4171
-3884
-8460
7662
5124
2992
-957
-12156
722
1553
7824
5844
-9339
-3008
-6484
6334
10780
-1408
-16
-11580
-761
8571
4416
7524
-9942
-6148
192
3287
13500
-2834
-4231
-7156
-4156
12891
3486
3806
-7091
-10700
5370
2925
11036
-578
-10459
-2339
-4512
11621
6030
-3284
-3457
-11708
5686
6882
4648
2006
-13179
-1509
592
7458
9228
-7423
-2956
-7028
3011
11525
254
1628
-9989
-3600
6352
3214
8692
-6638
-6388
-754
-155
11557
-294
-2440
-4936
-6020
8206
2538
3568
-2882
-8962
2314
-199
6834
2061
-6640
-1094
-4848
5393
4932
-1506
457
-3065
5175
7349
657
-1135
-6990
-151
5497
4337
4449
-5605
-4004
231
2824
8053
-1044
-2524
-4016
-1728
7745
2477
2196
-3472
-6026
3375
2052
6272
402
-5602
-862
-2296
6166
3330
-1876
-1000
-6391
3011
3298
1750
2470
-6454
-184
41
2638
5396
-3382
-120
-3904
244
5514
-795
3087
-3886
-2229
3195
-512
4927
-2152
-1636
671
-2177
5657
-608
675
577
-3740
4279
-960
2233
1802
-3086
3218
-2242
2360
1980
-1539
3725
-3151
1560
1332
-926
4864
-2414
1516
-196
-1936
4609
-1166
3371
-385
-2873
2576
-1924
4476
831
-1976
1095
-3702
3598
1813
670
1530
-5237
1496
544
2663
3907
-4368
-389
-2550
1464
5912
-517
993
-4745
-1402
4065
1908
4325
-3816
-3792
198
816
7368
329
-2520
-2871
-2910
5876
3511
2109
-2280
-6124
1545
2584
5951
2153
-5636
-2269
-1738
4918
6359
-527
-2280
-6237
588
5526
3803
2116
-6218
-3995
1159
3950
7143
-1295
-4104
-3152
-42
7844
4097
384
-4528
-5092
3858
4845
5475
-69
-6416
-1704
982
6846
5435
-2873
-3292
-4368
3241
7073
2367
-198
-6954
-2095
3566
4405
5471
-3869
-4444
-1647
1646
7712
961
-2065
-4531
-3066
5945
3195
2693
-2095
-5699
1742
1847
5686
2201
-4134
-1307
-2454
5196
5011
211
123
-5910
1473
3663
2701
3548
-5004
-1061
-290
1934
5848
-2088
-197
-3086
-1038
5313
-206
2605
-2957
-3164
2377
-934
4622
-908
-2120
675
-3049
4694
370
138
1272
-4367
3190
-308
1656
2679
-3142
2467
-1817
1757
2458
-2331
3892
-2536
445
1518
-2116
4515
-2014
913
426
-3256
3577
-1570
2704
641
-3874
2302
-2965
3437
2233
-2263
1432
-4419
2180
2548
427
3231
-5242
469
528
1930
6222
-3310
-101
-2592
49
6309
105
2227
-3870
-3001
4001
1262
5813
-1789
-4257
-705
-1114
7966
2008
-2570
-3491
-5568
5311
4359
3181
-975
-7278
234
865
6170
4450
-5191
-3012
-4163
4128
7058
612
-385
-7054
-1053
4733
4355
4952
-4871
-4188
-340
2830
8762
525
-2575
-4702
-2260
6859
4541
2648
-3471
-6361
1369
2984
6582
1452
-5423
-3379
-1914
5639
5484
-621
-3048
-6511
1328
5014
3684
1598
-6474
-3496
975
4007
6124
-2137
-3943
-3788
-27
6688
2735
218
-4087
-4418
3468
3789
4642
-501
-5647
-989
734
5825
3464
-2226
-1914
-3975
3325
5344
1175
438
-4589
-316
1949
1997
3521
-3390
-1508
-1047
810
4890
-1235
-176
-2467
-1563
4677
746
2487
-1658
-2759
2465
44
4463
506
-1678
974
-2840
3931
1685
154
1617
-3464
2593
475
1024
2937
-2738
1969
-1460
443
2734
-2087
3501
-1383
-470
2024
-2206
3574
-878
378
952
-3109
3144
-868
2604
1674
-3535
2079
-2662
2266
3202
-1864
2251
-3852
1134
2740
389
4001
-4038
-235
178
200
6169
-2109
-72
-2892
-1972
5713
-76
2882
-2328
-4303
1745
-789
6265
547
-3734
-459
-3420
5593
3104
-399
-555
-5786
3108
2899
3692
1691
-6595
-371
-436
4758
6111
-2853
-1688
-5077
1742
6724
1455
1637
-6475
-2978
2910
3065
6482
-3166
-4557
-2341
71
8068
1789
-1237
-4769
-4904
4918
3561
4186
-2053
-6771
-78
1405
6795
3366
-4204
-3369
-3789
4989
6244
1696
-581
-6185
540
3510
4112
5040
-5630
-3798
-833
3692
8744
-1929
-3532
-3599
-1230
7448
3400
1290
-2528
-5323
803
2872
5340
975
-3928
-2367
-876
4874
3266
-809
-1846
-3772
2974
3141
935
1976
-3915
-1254
1107
1722
4111
-1531
-1731
-1927
-22
4741
670
504
-2301
-2787
2899
960
2990
-326
-2566
311
-1356
3702
1126
-1721
350
-3152
2386
1119
-140
1656
-3486
796
80
658
2926
-2632
1132
-837
111
3032
-745
2021
29
3464
-52
-4798
7329
196
-1633
-109
-5299
6908
-915
143
5798
-6624
3094
775
1078
6249
-4129
446
-5293
-2026
5027
-212
4930
-6350
-4074
2182
317
10803
-2026
-2640
-2894
-5798
9616
1855
4282
-3076
-10752
5655
938
9785
2336
-9807
-354
-6906
10550
7752
-3903
-174
-12838
4681
5972
4124
7286
-14203
-2242
-1711
4575
13621
-8288
-2111
-8929
-510
13032
-1173
5494
-11907
-7475
6573
-40
13627
-6376
-7895
-1479
-5347
16246
698
-2077
-4664
-12043
11211
2067
7237
-210
-15240
3313
-2509
11261
6512
-9702
-634
-11288
7720
9090
-985
2154
-14814
1402
3056
3331
10119
-11941
-3150
-5202
1628
14273
-5308
211
-10887
-5410
11154
274
7937
-8306
-9180
3099
-1642
12744
-1960
-6289
-2711
-7681
11290
1948
1250
-2141
-12328
5237
911
6398
2986
-10513
632
-5174
5897
6802
-4372
962
-9765
1340
5311
-459
5199
-8681
-2250
752
522
8383
-4044
-1563
-3032
-2516
7451
-779
2199
-3016
-4590
3882
-1669
4593
218
-3571
1736
-3231
3901
2018
-882
2250
-4476
1571
951
-464
3638
-3188
217
-1642
-1827
4447
-986
1174
-1804
-3986
2241
-943
3185
963
-3680
173
-3943
3108
4150
-856
1347
-6339
-867
3205
1095
5823
-4748
-3194
-845
-1180
8644
-424
-580
-3548
-6177
7057
1555
4628
-1199
-9394
2739
-1261
8498
4110
-7526
-708
-7426
6284
6829
-1220
1951
-12880
377
4524
3278
8255
-11069
-2816
-3064
1158
13378
-4387
-837
-9872
-4371
11392
626
7804
-8677
-9262
4447
-819
14794
-1967
-7704
-2082
-8147
14486
3937
676
-2415
-15115
7897
2798
8132
4077
-14314
1296
-4926
9254
10178
-6976
952
-12440
3755
9982
791
6635
-14779
-2277
3357
2910
13301
-9215
-3107
-5360
-1863
15552
-1900
2782
-8396
-8344
10215
862
10418
-4421
-9982
2735
-3160
13466
1830
-5229
-1123
-9476
10289
3971
1900
1118
-12296
3950
691
6076
6819
-9420
662
-5153
4569
9238
-3442
2696
-8984
-473
6428
114
6580
-7453
-2958
1327
-957
9118
-3650
-1011
-1810
-4193
8215
-1272
2550
-1121
-5814
4354
-1959
4636
1072
-4188
3043
-3536
2671
1820
-746
3343
-4985
1592
1109
19
4019
-3951
2082
-144
-1962
3916
-2233
2947
349
-2907
2482
-2310
2900
2870
-1617
1039
-3692
1364
3469
627
2532
-4245
-1168
1457
1575
6081
-2109
-2070
-1604
-1655
6433
1092
456
-2103
-5853
3991
1929
4727
1005
-7466
447
-1438
6334
6257
-4128
-556
-6807
3328
7637
1036
4028
-9237
-1472
4089
1853
13980
-3904
-10046
-2231
3042
11793
-159
-3422
-6537
-5681
8744
8056
6161
-5421
-8495
2113
4217
11110
120
-7618
-6542
-7287
10974
8475
34
-6211
-12453
5042
7960
8472
2822
-12070
-4196
-1235
10009
11333
-4443
-5394
-10016
2620
12065
4854
2936
-10813
-7473
4503
7136
11100
-3742
-9678
-4495
958
12594
6749
-2640
-8722
-8406
7006
10021
6498
-2412
-10570
-3414
3866
11392
6250
-6127
-7870
-6405
5323
10292
2922
-2252
-10241
-4059
6784
7338
5858
-5651
-8190
-1006
3935
10570
3055
-5453
-6401
-3964
8638
7755
1796
-3509
-9493
1301
5555
7018
3564
-8059
-2687
-1408
4915
8738
-2129
-2023
-6226
-729
7718
2274
2928
-5525
-3856
3004
1559
7458
-1974
-3845
-1246
-2006
7490
829
396
-972
-4711
5444
765
3805
1362
-4459
3521
-2213
3393
3122
-2361
3947
-3712
2306
1929
-1514
4980
-3623
2673
74
-2969
4809
-2902
4081
-303
-3744
3256
-4327
5329
1755
-1508
2391
-6699
4226
1815
1913
4144
-7522
2047
-1175
2877
8085
-4530
1047
-5307
136
8496
24
4594
-7089
-3681
4623
1679
9821
-3635
-4892
-2189
-2547
11826
1931
-291
-4923
-9017
7013
3913
7610
-837
-11575
-24
-873
10690
6830
-6158
-3895
-8555
6618
9776
2995
234
-12628
-1639
5465
8161
8639
-7941
-6694
-4428
4829
13348
1194
-2702
-10596
-3876
10386
7432
6147
-7681
-10384
-56
4941
12270
1349
-7837
-8038
-3918
10991
8322
1559
-6281
-11542
2419
7584
9889
3037
-11125
-5927
-316
9326
11046
-2414
-5813
-8072
1420
11773
6516
1193
-8798
-7126
3835
7981
9023
-2391
-8571
-4440
1577
10937
5722
-2352
-6258
-7080
5520
8363
4665
-1050
-9174
-1686
2856
6883
5783
-5179
-4450
-3990
3394
8838
1235
-651
-6488
-2116
6145
3776
5000
-3780
-4666
914
1215
7911
342
-2802
-1252
-3357
6051
2143
1038
335
-5190
3402
790
2774
2503
-4131
2060
-1806
1961
3191
-2508
3102
-2677
938
2315
-2166
4433
-1908
1681
941
-3429
4087
-2322
2824
2425
-2532
2675
-4345
2592
3867
-51
3114
-5912
1121
1506
1671
6932
-6002
-990
-1948
-299
9226
-729
46
-5849
-3859
7073
2617
6023
-5039
-6932
1508
236
10978
948
-5332
-2908
-5502
9582
5499
1648
-2125
-10475
3855
4887
8263
3799
-10458
-3374
-2419
8776
9611
-2861
-3413
-10415
2832
10112
5088
3489
-11416
-4938
2757
6905
11569
-5346
-6901
-6514
979
13989
3515
-230
-9907
-7868
7607
7254
9100
-4610
-10711
-2140
2019
13529
5082
-5369
-7186
-7477
8803
9516
4518
-2875
-12471
-739
5136
10261
5896
-8749
-6482
-4517
7654
11578
430
-4149
-11114
-1510
9220
7429
4528
-8851
-8351
-234
6358
10858
-977
-6941
-7234
-1333
10579
6466
607
-6720
-8598
2923
6864
7664
-576
-8331
-4366
604
8241
6994
-2364
-5372
-6139
2347
7553
3743
-356
-6501
-3316
2707
5317
5693
-2713
-5260
-2084
1664
6846
2085
-2153
-3243
-3503
3992
4097
2116
-581
-5076
584
1605
3399
3399
-3223
-330
-1137
1777
4531
-469
1176
-2035
-261
3033
-371
3221
-906
-233
1686
-1777
3330
-254
1146
2513
-2055
2201
-1779
1224
2938
-881
2612
-3838
-346
2179
-193
5257
-2800
-1893
-735
-1041
7128
301
556
-2638
-4348
5727
1904
5103
-940
-6681
490
849
9689
1054
-4076
233
-7791
5613
4463
2174
2614
-12168
1677
2247
4696
9120
-9496
-1897
-4036
2057
11520
-3814
-427
-9021
-3144
9382
1814
6857
-7706
-6925
2195
1321
12654
-2851
-5351
-4465
-5414
12782
2956
2379
-4779
-11211
6803
2677
9604
710
-11588
-448
-4040
11227
6645
-5271
-1369
-12003
6458
8269
2512
3159
-14090
-840
1975
6093
10653
-9297
-2872
-6989
1817
13098
-2051
1712
-10293
-4823
8991
2465
9806
-7571
-7529
1177
-1215
13962
-592
-3929
-3587
-7631
11345
3384
2990
-1718
-10815
4453
1244
8255
3069
-9052
-414
-4656
7652
6825
-2195
250
-10137
3285
5572
1342
4200
-9484
-691
606
2149
8877
-5715
-1000
-3011
-1006
9127
-1399
1875
-4311
-4640
5467
-217
5483
-1479
-4707
2151
-1664
6182
1033
-2857
800
-4107
4220
1526
-198
1514
-5006
2166
381
28
2677
-3953
1658
-875
-571
2937
-3427
1694
-592
-313
2756
-3446
1984
-429
455
3699
-3510
1109
-988
-266
4559
-2112
946
-2499
-1487
4383
-279
3455
-2847
-3459
2469
-172
6094
-325
-3730
-306
-3357
6480
2760
-842
-1056
-7075
3743
3319
3391
2423
-8467
-286
-314
4616
7054
-5226
-1838
-5570
1579
8761
-79
2081
-8379
-3857
5356
2565
8163
-5635
-6501
-922
-679
11769
135
-2747
-4545
-7473
9557
4030
4091
-2173
-10835
2958
1647
9119
4151
-8701
-2185
-5872
8412
8574
-2376
-315
-11411
1929
6916
3537
5793
-11221
-3936
-96
4095
11254
-5389
-3071
-7013
-1348
12031
522
3211
-8356
-7644
6438
2049
10175
-3592
-8433
-549
-3041
12188
2399
-3374
-3175
-9590
7839
4361
3633
364
-11713
1832
102
6821
5661
-8120
-1164
-6408
4592
8327
-2243
1350
-9453
-464
5643
1729
6496
-7633
-3083
373
468
9422
-2999
-1546
-3383
-3337
8146
165
2820
-2981
-5704
4163
-403
5454
-136
-5042
1199
-3204
4841
1827
-2450
780
-5184
2756
1400
-393
2209
-4927
1342
-51
37
3604
-3900
1656
-604
-686
3188
-2891
1796
-641
-444
2758
-2709
2117
-474
0
3310
-2918
1160
-1242
-253
4120
-1246
1266
-2177
-1907
3174
-156
3485
-2079
-3785
1401
-832
5258
551
-3397
-1088
-3857
4821
3129
25
-556
-7197
1698
2672
3483
3564
-6997
-1939
-1158
3190
7527
-3179
-1920
-6032
-953
7893
1527
2636
-6784
-5780
3701
2063
8105
-2624
-6822
-2264
-2346
9698
2715
-2427
-4316
-8847
6217
4518
4239
-310
-11311
-418
231
7574
6023
-7408
-3078
-7068
4852
9769
-359
812
-10953
-1608
6887
4041
7844
-8419
-5616
-895
2131
12377
-1946
-3157
-6683
